The ICLR Paper:
#context games        0       1       2       3       4       5       6       7       all
1       0.63    0.312   0.358   0.382   0.256   0.178   0.372   0.18    0.3335
2       0.626   0.44    0.52    0.504   0.334   0.218   0.292   0.23    0.3955
3       0.602   0.514   0.632   0.602   0.422   0.284   0.314   0.304   0.45925
4       0.624   0.54    0.664   0.65    0.428   0.338   0.262   0.33    0.4795
5       0.642   0.58    0.746   0.712   0.49    0.364   0.238   0.374   0.51825
6       0.686   0.646   0.814   0.722   0.474   0.4     0.222   0.364   0.541
7       0.734   0.682   0.802   0.816   0.584   0.432   0.206   0.472   0.591
8       0.748   0.704   0.814   0.81    0.586   0.458   0.178   0.466   0.5955
9       0.718   0.698   0.848   0.824   0.626   0.444   0.136   0.492   0.59825
10      0.736   0.764   0.84    0.85    0.64    0.532   0.148   0.48    0.62375
11      0.776   0.718   0.878   0.842   0.672   0.526   0.144   0.522   0.63475
12      0.788   0.766   0.874   0.892   0.66    0.556   0.132   0.498   0.64575
13      0.752   0.784   0.892   0.898   0.71    0.54    0.132   0.526   0.65425
14      0.776   0.786   0.92    0.914   0.7     0.538   0.114   0.552   0.6625
15      0.77    0.808   0.922   0.922   0.758   0.564   0.138   0.564   0.68075
16      0.776   0.826   0.92    0.918   0.758   0.606   0.09    0.584   0.68475
17      0.812   0.802   0.928   0.926   0.77    0.61    0.108   0.57    0.69075
18      0.828   0.836   0.936   0.942   0.768   0.66    0.08    0.594   0.7055
19      0.782   0.808   0.922   0.934   0.768   0.656   0.088   0.604   0.69525
20      0.802   0.85    0.948   0.948   0.802   0.658   0.088   0.64    0.717
21      0.842   0.868   0.966   0.958   0.794   0.68    0.088   0.626   0.72775
22      0.822   0.85    0.97    0.946   0.812   0.658   0.068   0.604   0.71625
23      0.85    0.872   0.96    0.974   0.814   0.682   0.088   0.628   0.7335
24      0.842   0.872   0.962   0.956   0.838   0.698   0.064   0.624   0.732
25      0.86    0.884   0.974   0.964   0.838   0.728   0.078   0.616   0.74275
26      0.852   0.876   0.966   0.966   0.816   0.736   0.058   0.608   0.73475
27      0.878   0.868   0.972   0.974   0.848   0.73    0.06    0.614   0.743
28      0.856   0.866   0.978   0.982   0.894   0.72    0.04    0.618   0.74425
29      0.844   0.878   0.97    0.972   0.888   0.74    0.062   0.648   0.75025
30      0.888   0.894   0.982   0.982   0.862   0.75    0.036   0.712   0.76325
31      0.898   0.892   0.982   0.978   0.874   0.734   0.062   0.688   0.7635
32      0.872   0.932   0.986   0.986   0.872   0.772   0.034   0.644   0.76225
33      0.888   0.896   0.992   0.996   0.878   0.76    0.032   0.662   0.763
34      0.89    0.906   0.984   0.99    0.888   0.78    0.044   0.654   0.767
35      0.888   0.906   0.986   0.996   0.886   0.782   0.022   0.672   0.76725
36      0.9     0.928   0.99    0.99    0.898   0.816   0.032   0.666   0.7775
37      0.908   0.916   0.992   0.986   0.908   0.786   0.034   0.686   0.777
38      0.914   0.912   0.996   0.994   0.908   0.788   0.022   0.72    0.78175
39      0.916   0.92    0.988   0.986   0.91    0.79    0.034   0.69    0.77925
40      0.908   0.936   0.984   0.986   0.928   0.832   0.046   0.666   0.78575
41      0.91    0.93    0.992   0.994   0.922   0.822   0.018   0.674   0.78275
42      0.906   0.936   0.988   0.99    0.912   0.804   0.018   0.69    0.7805
43      0.906   0.946   0.986   0.992   0.938   0.85    0.014   0.71    0.79275
44      0.938   0.93    0.996   0.99    0.952   0.818   0.02    0.714   0.79475
45      0.912   0.938   0.99    0.992   0.938   0.846   0.016   0.696   0.791
46      0.882   0.948   0.996   0.994   0.946   0.856   0.02    0.724   0.79575
47      0.93    0.95    0.992   0.998   0.934   0.866   0.012   0.724   0.80075
48      0.914   0.96    0.996   0.996   0.966   0.826   0.02    0.674   0.794
49      0.916   0.93    0.998   0.998   0.954   0.826   0.02    0.722   0.7955
50      0.942   0.958   0.996   0.994   0.958   0.864   0.008   0.73    0.80625
51      0.928   0.932   0.998   0.998   0.948   0.842   0.01    0.728   0.798
52      0.942   0.952   0.998   1       0.956   0.864   0.012   0.738   0.80775
53      0.942   0.976   0.994   0.998   0.962   0.876   0.016   0.738   0.81275
54      0.936   0.962   1       0.998   0.958   0.89    0.004   0.75    0.81225
55      0.938   0.952   0.994   0.994   0.948   0.88    0.01    0.706   0.80275
56      0.942   0.962   0.998   0.994   0.95    0.914   0.01    0.73    0.8125
57      0.928   0.962   1       0.998   0.96    0.888   0.004   0.754   0.81175
58      0.954   0.964   0.998   1       0.984   0.868   0.012   0.758   0.81725
59      0.934   0.958   1       0.998   0.952   0.906   0.01    0.752   0.81375
60      0.966   0.962   1       0.996   0.97    0.884   0.014   0.718   0.81375
61      0.926   0.976   1       1       0.976   0.912   0.012   0.744   0.81825
62      0.96    0.954   0.998   1       0.96    0.902   0.01    0.73    0.81425
63      0.96    0.96    1       0.998   0.976   0.922   0.008   0.766   0.82375
64      0.964   0.968   0.998   1       0.95    0.89    0.004   0.764   0.81725
65      0.948   0.972   0.998   1       0.986   0.918   0.006   0.744   0.8215
66      0.96    0.976   1       0.996   0.982   0.922   0.012   0.744   0.824
67      0.956   0.976   1       1       0.976   0.894   0.004   0.726   0.8165
68      0.952   0.972   1       0.998   0.972   0.924   0.004   0.754   0.822
69      0.94    0.972   1       1       0.978   0.886   0.002   0.748   0.81575
70      0.946   0.982   1       1       0.974   0.916   0.002   0.77    0.82375
71      0.942   0.966   1       0.996   0.974   0.91    0.006   0.734   0.816
72      0.966   0.98    0.998   1       0.986   0.918   0.006   0.734   0.8235
73      0.964   0.976   1       1       0.984   0.92    0.008   0.808   0.8325
74      0.964   0.976   1       1       0.986   0.924   0.002   0.748   0.825
75      0.962   0.984   1       1       0.986   0.914   0       0.75    0.8245
76      0.962   0.984   1       1       0.98    0.93    0.008   0.746   0.82625
77      0.972   0.992   1       1       0.978   0.94    0       0.79    0.834
78      0.958   0.988   0.998   0.998   0.982   0.926   0.002   0.774   0.82825
79      0.982   0.988   1       1       0.986   0.934   0.004   0.758   0.8315
80      0.972   0.982   1       1       0.99    0.944   0.004   0.794   0.83575
81      0.974   0.98    1       1       0.98    0.948   0.004   0.76    0.83075
82      0.988   0.984   1       1       0.992   0.94    0.002   0.8     0.83825
83      0.984   0.982   1       1       0.986   0.928   0.002   0.768   0.83125
84      0.978   0.984   1       1       0.994   0.958   0.002   0.772   0.836
85      0.976   0.99    1       1       0.982   0.944   0       0.746   0.82975
86      0.98    0.99    1       0.998   0.986   0.934   0       0.808   0.837
87      0.968   0.98    1       1       0.986   0.938   0       0.776   0.831
88      0.966   0.984   1       1       1       0.938   0.002   0.748   0.82975
89      0.972   0.982   1       1       0.994   0.948   0       0.774   0.83375
90      0.966   0.984   1       1       0.982   0.948   0.002   0.822   0.838
91      0.972   0.99    1       1       0.992   0.952   0.002   0.786   0.83675
92      0.98    0.99    1       1       0.988   0.954   0.002   0.782   0.837
93      0.964   0.984   1       1       0.986   0.952   0.004   0.792   0.83525
94      0.982   0.996   1       1       0.99    0.954   0       0.81    0.8415
95      0.994   0.988   1       1       0.994   0.954   0.002   0.792   0.8405
96      0.984   0.984   1       0.998   0.998   0.966   0.002   0.81    0.84275
97      0.968   0.986   1       1       0.994   0.956   0.002   0.81    0.8395
98      0.966   0.99    1       1       0.996   0.962   0       0.778   0.8365
99      0.988   0.992   1       1       0.996   0.96    0       0.772   0.8385
100     0.982   0.986   1       1       0.994   0.954   0.002   0.75    0.8335